202101045174
202101045184
202101045303
202101045307
202101045308
202101045316
202101045420
202101045463
202101045477
202101045599
202101045653
202101045657
202101045777
202101045799
202101045976
202101045985
202101045992
202101045995
202101046040
202101046061
202101046258
202101046396
202101046539
202101046546
202101046547
202101046549
202101046553
202101046557
202101046712
202101047128
202101047167
202101047230
202101047239
202101047390
202101047425
202101047427
202101047441
202101047493
202101047497
202101047498
202101047508
202101047823
202101047833
202101047843
202101047866
202101047868
202101047869
202101047895
202101047899
202101047900
202101047903
202101047906
202101047915
202101047916
202101047934
202101047939
202101048113
202101048367
202101006251
202101006257
202101006384
202101006425
202101006463
202101006548
202101006554
202101006586
202101006591
202101006625
202101006645
202101006687
202101006691
202101006693
202101004658
202101004711
202101004720
202101004789
202101004798
202101004929
202101004932
202101005051
202101005094
202101005096
202101005100
202101005125
202101005221
202101005380
202101005386
202101005427
202101005446
202101005456
202101029687
202101029830
202101029838
202101029844
202101029855
202101030228
202101030227
202101030245
202101030250
202101030251
202101030363
202101030385
202101030406
202101030597
202101030659
202101031156
202101031161
202101031185
202101031317
202101031319
202101031331
202101031345
202101031349
202101031354
202101031394
202101031398
202101031448
202101031453
202101031481
202101031484
202101031515
202101031540
202101031545
202101031642
202101031682
202101031692
202101031695
202101031698
202101031702
202101031706
202101031707
202101031710
202101031726
202101031756
202101031761
202101031797
202101031813
202101031821
202101031823
202101031828
202101031838
202101031843
202101031898
202101031899
202101031900
202101031902
202101031913
202101031919
202101031920
202101031921
202101031925
202101032091
202101032103
202101032110
202101032124
202101032126
202101032194
202101032197
202101032219
202101032220
202101032235
202101032284
202101032288
202101032289
202101089789
202101089808
202101089852
202101089853
202101089920
202101090028
202101090041
202101090065
202101090223
202101090248
202101090254
202101090255
202101090258
202101090265
202101090268
202101090269
202101090270
202101090276
202101090292
202101090300
202101090306
202101090343
202101090425
202101090466
202101090469
202101090473
202101090474
202101090478
202101090482
202101090487
202101090489
202101090490
202101090493
202101090498
202101090499
202101090501
202101090502
202101090511
202101090512
202101090513
202101090526
202101090527
202101090537
202101090543
202101090588
202101090596
202101090599
202101090601
202101090618
202101090660
202101090669
202101090720
202101090721
202101090750
202101090775
202101090813
202101090814
202101090944
202101090948
202101091231
202101091299
202101091334
202101091341
202101091344
202101091345
202101091372
202101091374
202101091378
202101091437
202101091459
202101091461
202101091467
202101091513
202101091517
202101091526
202101091549
202101091555
202101091761
202101091775
202101091800
202101091814
202101091819
202101091827
202101091836
202101091837
202101091881
202101091898
202101091906
202101091981
202101091988
202101091991
202101092007
202101092051
202101092095
202101092122
202101092166
202101092175
202101092215
202101092251
202101092255
202101092258
202101092264
202101092266
202101092401
202101092607
202101092636
202101092661
202101092723
202101092749
202101092755
202101092762
202101092764
202101092765
202101092766
202101092895
202101092938
202101093069
202101093087
202101093101
202101094326
202101094329
202101094330
202101094545
202101094546
202101094587
202101094598
202101094599
202101094607
202101094611
202101094615
202101094620
202101094623
202101094628
202101094630
202101094642
202101094663
202101094698
202101094701
202101094720
202101094788
202101094793
202101094818
202101094830
202101094840
202101094842
202101094846
202101094886
202101094887
202101094925
202101095084
202101095087
