Genomes_Faltantes
202101005456
202101091231
202101047895
202101045995
202101032197
202101047239
202101094620
202101047916
202101094701
202101031726
202101046258
202101031902
202101006548
202101032219
202101006463
202101089789
202101047934
202101094587
202101030385
202101006693
202101005427
202101031702
202101006425
202101045976
202101094599
202101095084
202101029844
202101092266
202101047906
202101030363
202101094788
202101005051
202101094628
202101046553
202101031156
202101094793
202101046396
202101045985
202101046557
202101031185
202101030659
202101094546
202101005446
202101094887
202101094846
202101004932
202101032124
202101094611
202101031913
202101030250
